    .4167E-01    .1490E+00    .3118E+00    .3741E+02    .4872E+02    .3138E+00
    .8333E-01    .2980E+00    .3097E+00    .3921E+02    .4872E+02    .3138E+00
    .1250E+00    .4471E+00    .3075E+00    .4110E+02    .4872E+02    .3138E+00
    .1667E+00    .5961E+00    .3053E+00    .4307E+02    .4872E+02    .3138E+00
    .2083E+00    .7451E+00    .3029E+00    .4514E+02    .4872E+02    .3138E+00
    .2500E+00    .8941E+00    .3005E+00    .4730E+02    .4872E+02    .3138E+00
    .2917E+00    .1043E+01    .2980E+00    .4956E+02    .5037E+02    .3138E+00
    .3333E+00    .1192E+01    .2954E+00    .5191E+02    .5208E+02    .3138E+00
    .3750E+00    .1341E+01    .2927E+00    .5437E+02    .5389E+02    .3138E+00
    .4167E+00    .1490E+01    .2898E+00    .5693E+02    .5577E+02    .3138E+00
    .4583E+00    .1639E+01    .2869E+00    .5961E+02    .5774E+02    .3138E+00
    .5000E+00    .1788E+01    .2839E+00    .6238E+02    .5981E+02    .3138E+00
    .5417E+00    .1937E+01    .2808E+00    .6527E+02    .6196E+02    .3101E+00
    .5833E+00    .2086E+01    .2775E+00    .6827E+02    .6422E+02    .3064E+00
    .6250E+00    .2235E+01    .2742E+00    .7139E+02    .6657E+02    .3024E+00
    .6667E+00    .2384E+01    .2707E+00    .7462E+02    .6902E+02    .2983E+00
    .7083E+00    .2533E+01    .2671E+00    .7796E+02    .7158E+02    .2941E+00
    .7500E+00    .2682E+01    .2634E+00    .8142E+02    .7424E+02    .2897E+00
    .7917E+00    .2831E+01    .2596E+00    .8500E+02    .7552E+02    .2851E+00
    .8333E+00    .2980E+01    .2557E+00    .8869E+02    .7684E+02    .2803E+00
    .8750E+00    .3129E+01    .2517E+00    .9250E+02    .7819E+02    .2753E+00
    .9167E+00    .3278E+01    .2476E+00    .9642E+02    .7958E+02    .2701E+00
    .9583E+00    .3428E+01    .2434E+00    .1005E+03    .8099E+02    .2648E+00
    .1000E+01    .3577E+01    .2391E+00    .1046E+03    .8244E+02    .2592E+00
    .1042E+01    .3726E+01    .2330E+00    .1074E+03    .8391E+02    .2534E+00
    .1083E+01    .3875E+01    .2269E+00    .1101E+03    .8540E+02    .2474E+00
    .1125E+01    .4024E+01    .2207E+00    .1128E+03    .8691E+02    .2412E+00
    .1167E+01    .4173E+01    .2145E+00    .1154E+03    .8844E+02    .2348E+00
    .1208E+01    .4322E+01    .2082E+00    .1179E+03    .8998E+02    .2281E+00
    .1250E+01    .4471E+01    .2018E+00    .1203E+03    .9153E+02    .2213E+00
    .1292E+01    .4620E+01    .1955E+00    .1226E+03    .9304E+02    .2142E+00
    .1333E+01    .4769E+01    .1890E+00    .1248E+03    .9446E+02    .2068E+00
    .1375E+01    .4918E+01    .1826E+00    .1268E+03    .9580E+02    .1993E+00
    .1417E+01    .5067E+01    .1761E+00    .1287E+03    .9704E+02    .1915E+00
    .1458E+01    .5216E+01    .1697E+00    .1304E+03    .9817E+02    .1835E+00
    .1500E+01    .5365E+01    .1632E+00    .1319E+03    .9918E+02    .1753E+00
    .1542E+01    .5514E+01    .1568E+00    .1332E+03    .1001E+03    .1670E+00
    .1583E+01    .5663E+01    .1504E+00    .1343E+03    .1008E+03    .1586E+00
    .1625E+01    .5812E+01    .1441E+00    .1352E+03    .1014E+03    .1502E+00
    .1667E+01    .5961E+01    .1377E+00    .1358E+03    .1017E+03    .1418E+00
    .1708E+01    .6110E+01    .1315E+00    .1362E+03    .1020E+03    .1334E+00
    .1750E+01    .6259E+01    .1253E+00    .1363E+03    .1020E+03    .1251E+00
    .1792E+01    .6408E+01    .1192E+00    .1361E+03    .1019E+03    .1168E+00
    .1833E+01    .6557E+01    .1132E+00    .1357E+03    .1016E+03    .1086E+00
    .1875E+01    .6706E+01    .1072E+00    .1349E+03    .1012E+03    .1005E+00
    .1917E+01    .6855E+01    .1014E+00    .1338E+03    .1006E+03    .9257E-01
    .1958E+01    .7004E+01    .9574E-01    .1324E+03    .9993E+02    .8477E-01
    .2000E+01    .7153E+01    .9016E-01    .1307E+03    .9907E+02    .7716E-01
    .2042E+01    .7302E+01    .8474E-01    .1287E+03    .9807E+02    .6975E-01
    .2083E+01    .7451E+01    .7949E-01    .1265E+03    .9691E+02    .6259E-01
    .2125E+01    .7600E+01    .7442E-01    .1241E+03    .9560E+02    .5570E-01
    .2167E+01    .7749E+01    .6954E-01    .1215E+03    .9415E+02    .4909E-01
    .2208E+01    .7898E+01    .6484E-01    .1187E+03    .9255E+02    .4280E-01
    .2250E+01    .8047E+01    .6033E-01    .1157E+03    .9082E+02    .3686E-01
    .2292E+01    .8196E+01    .5602E-01    .1126E+03    .8897E+02    .3128E-01
    .2333E+01    .8345E+01    .5191E-01    .1094E+03    .8705E+02    .2609E-01
    .2375E+01    .8494E+01    .4799E-01    .1061E+03    .8505E+02    .2132E-01
    .2417E+01    .8643E+01    .4427E-01    .1026E+03    .8300E+02    .1698E-01
    .2458E+01    .8792E+01    .4075E-01    .9912E+02    .8092E+02    .1310E-01
    .2500E+01    .8941E+01    .3743E-01    .9559E+02    .7881E+02    .9690E-02
    .2542E+01    .9090E+01    .3431E-01    .9204E+02    .7670E+02    .6713E-02
    .2583E+01    .9239E+01    .3138E-01    .8851E+02    .7461E+02    .4141E-02
    .2625E+01    .9388E+01    .2863E-01    .8502E+02    .7256E+02    .1972E-02
    .2667E+01    .9537E+01    .2608E-01    .8161E+02    .7057E+02    .1981E-03
    .2708E+01    .9686E+01    .2371E-01    .7829E+02    .6866E+02   -.1189E-02
    .2750E+01    .9835E+01    .2151E-01    .7511E+02    .6685E+02   -.2204E-02
    .2792E+01    .9984E+01    .1949E-01    .7208E+02    .6513E+02   -.2861E-02
    .2833E+01    .1013E+02    .1763E-01    .6924E+02    .6352E+02   -.3181E-02
    .2875E+01    .1028E+02    .1592E-01    .6661E+02    .6202E+02   -.3182E-02
    .2917E+01    .1043E+02    .1437E-01    .6423E+02    .6064E+02   -.2893E-02
    .2958E+01    .1058E+02    .1295E-01    .6211E+02    .5941E+02   -.2336E-02
    .3000E+01    .1073E+02    .1167E-01    .6028E+02    .5833E+02   -.1545E-02
    .3042E+01    .1088E+02    .1051E-01    .5871E+02    .5740E+02   -.5460E-03
    .3083E+01    .1103E+02    .9454E-02    .5741E+02    .5664E+02    .6220E-03
    .3125E+01    .1118E+02    .8499E-02    .5636E+02    .5606E+02    .1931E-02
    .3167E+01    .1133E+02    .7633E-02    .5558E+02    .5567E+02    .3337E-02
    .3208E+01    .1147E+02    .6849E-02    .5506E+02    .5546E+02    .4810E-02
    .3250E+01    .1162E+02    .6138E-02    .5479E+02    .5544E+02    .6305E-02
    .3292E+01    .1177E+02    .5494E-02    .5478E+02    .5559E+02    .7790E-02
    .3333E+01    .1192E+02    .4908E-02    .5501E+02    .5589E+02    .9219E-02
    .3375E+01    .1207E+02    .4375E-02    .5547E+02    .5634E+02    .1056E-01
    .3417E+01    .1222E+02    .3889E-02    .5614E+02    .5693E+02    .1177E-01
    .3458E+01    .1237E+02    .3445E-02    .5700E+02    .5765E+02    .1281E-01
    .3500E+01    .1252E+02    .3040E-02    .5803E+02    .5847E+02    .1364E-01
    .3542E+01    .1267E+02    .2670E-02    .5922E+02    .5938E+02    .1429E-01
    .3583E+01    .1282E+02    .2331E-02    .6051E+02    .6036E+02    .1475E-01
    .3625E+01    .1296E+02    .2023E-02    .6191E+02    .6140E+02    .1500E-01
    .3667E+01    .1311E+02    .1742E-02    .6336E+02    .6246E+02    .1504E-01
    .3708E+01    .1326E+02    .1487E-02    .6485E+02    .6354E+02    .1486E-01
    .3750E+01    .1341E+02    .1258E-02    .6634E+02    .6459E+02    .1445E-01
    .3792E+01    .1356E+02    .1052E-02    .6780E+02    .6561E+02    .1382E-01
    .3833E+01    .1371E+02    .8682E-03    .6919E+02    .6661E+02    .1297E-01
    .3875E+01    .1386E+02    .7065E-03    .7048E+02    .6755E+02    .1190E-01
    .3917E+01    .1401E+02    .5655E-03    .7164E+02    .6841E+02    .1064E-01
    .3958E+01    .1416E+02    .4440E-03    .7265E+02    .6919E+02    .9205E-02
    .4000E+01    .1431E+02    .3409E-03    .7346E+02    .6986E+02    .7608E-02
    .4042E+01    .1446E+02    .2550E-03    .7409E+02    .7040E+02    .5874E-02
    .4083E+01    .1460E+02    .1849E-03    .7455E+02    .7081E+02    .4034E-02
    .4125E+01    .1475E+02    .1290E-03    .7481E+02    .7107E+02    .2115E-02
    .4167E+01    .1490E+02    .8590E-04    .7489E+02    .7117E+02    .1530E-03
    .4208E+01    .1505E+02    .5381E-04    .7476E+02    .7110E+02   -.1823E-02
    .4250E+01    .1520E+02    .3108E-04    .7443E+02    .7086E+02   -.3772E-02
    .4292E+01    .1535E+02    .1601E-04    .7390E+02    .7047E+02   -.5664E-02
    .4333E+01    .1550E+02    .6931E-05    .7318E+02    .6993E+02   -.7454E-02
    .4375E+01    .1565E+02    .2230E-05    .7227E+02    .6926E+02   -.9113E-02
    .4417E+01    .1580E+02    .3818E-06    .7119E+02    .6847E+02   -.1060E-01
    .4458E+01    .1595E+02    .5616E-08    .6995E+02    .6757E+02   -.1188E-01
    .4500E+01    .1609E+02    .0000E+00    .6857E+02    .6658E+02   -.1292E-01
    .4542E+01    .1624E+02    .0000E+00    .6707E+02    .6550E+02   -.1373E-01
    .4583E+01    .1639E+02    .0000E+00    .6549E+02    .6437E+02   -.1433E-01
    .4625E+01    .1654E+02    .0000E+00    .6383E+02    .6320E+02   -.1469E-01
    .4667E+01    .1669E+02    .0000E+00    .6214E+02    .6202E+02   -.1482E-01
    .4708E+01    .1684E+02    .0000E+00    .6044E+02    .6085E+02   -.1470E-01
    .4750E+01    .1699E+02    .0000E+00    .5876E+02    .5972E+02   -.1434E-01
    .4792E+01    .1714E+02    .0000E+00    .5713E+02    .5862E+02   -.1374E-01
    .4833E+01    .1729E+02    .0000E+00    .5558E+02    .5757E+02   -.1291E-01
    .4875E+01    .1744E+02    .0000E+00    .5415E+02    .5658E+02   -.1186E-01
    .4917E+01    .1758E+02    .0000E+00    .5287E+02    .5568E+02   -.1061E-01
    .4958E+01    .1773E+02    .0000E+00    .5177E+02    .5488E+02   -.9176E-02
    .5000E+01    .1788E+02    .0000E+00    .5087E+02    .5419E+02   -.7585E-02
    .5042E+01    .1803E+02    .0000E+00    .5017E+02    .5364E+02   -.5856E-02
    .5083E+01    .1818E+02    .0000E+00    .4966E+02    .5322E+02   -.4023E-02
    .5125E+01    .1833E+02    .0000E+00    .4934E+02    .5296E+02   -.2109E-02
    .5167E+01    .1848E+02    .0000E+00    .4923E+02    .5286E+02   -.1526E-03
    .5208E+01    .1863E+02    .0000E+00    .4933E+02    .5292E+02    .1818E-02
    .5250E+01    .1878E+02    .0000E+00    .4964E+02    .5316E+02    .3761E-02
    .5292E+01    .1893E+02    .0000E+00    .5015E+02    .5356E+02    .5647E-02
    .5333E+01    .1907E+02    .0000E+00    .5086E+02    .5409E+02    .7431E-02
    .5375E+01    .1922E+02    .0000E+00    .5177E+02    .5476E+02    .9085E-02
    .5417E+01    .1937E+02    .0000E+00    .5284E+02    .5555E+02    .1056E-01
    .5458E+01    .1952E+02    .0000E+00    .5408E+02    .5645E+02    .1184E-01
    .5500E+01    .1967E+02    .0000E+00    .5545E+02    .5744E+02    .1287E-01
    .5542E+01    .1982E+02    .0000E+00    .5694E+02    .5851E+02    .1369E-01
    .5583E+01    .1997E+02    .0000E+00    .5852E+02    .5964E+02    .1428E-01
    .5625E+01    .2012E+02    .0000E+00    .6017E+02    .6080E+02    .1464E-01
    .5667E+01    .2027E+02    .0000E+00    .6186E+02    .6198E+02    .1477E-01
    .5708E+01    .2042E+02    .0000E+00    .6356E+02    .6314E+02    .1465E-01
    .5750E+01    .2057E+02    .0000E+00    .6523E+02    .6427E+02    .1429E-01
    .5792E+01    .2071E+02    .0000E+00    .6686E+02    .6537E+02    .1369E-01
    .5833E+01    .2086E+02    .0000E+00    .6840E+02    .6642E+02    .1287E-01
    .5875E+01    .2101E+02    .0000E+00    .6982E+02    .6740E+02    .1182E-01
    .5917E+01    .2116E+02    .0000E+00    .7110E+02    .6830E+02    .1058E-01
    .5958E+01    .2131E+02    .0000E+00    .7220E+02    .6910E+02    .9148E-02
    .6000E+01    .2146E+02    .0000E+00    .7309E+02    .6978E+02    .7562E-02
    .6042E+01    .2161E+02    .0000E+00    .7379E+02    .7034E+02    .5839E-02
    .6083E+01    .2176E+02    .0000E+00    .7430E+02    .7075E+02    .4011E-02
    .6125E+01    .2191E+02    .0000E+00    .7462E+02    .7101E+02    .2103E-02
    .6167E+01    .2206E+02    .0000E+00    .7473E+02    .7111E+02    .1522E-03
    .6208E+01    .2220E+02    .0000E+00    .7463E+02    .7105E+02   -.1813E-02
    .6250E+01    .2235E+02    .0000E+00    .7432E+02    .7081E+02   -.3750E-02
    .6292E+01    .2250E+02    .0000E+00    .7381E+02    .7042E+02   -.5630E-02
    .6333E+01    .2265E+02    .0000E+00    .7310E+02    .6988E+02   -.7409E-02
    .6375E+01    .2280E+02    .0000E+00    .7220E+02    .6922E+02   -.9057E-02
    .6417E+01    .2295E+02    .0000E+00    .7113E+02    .6843E+02   -.1053E-01
    .6458E+01    .2310E+02    .0000E+00    .6990E+02    .6753E+02   -.1180E-01
    .6500E+01    .2325E+02    .0000E+00    .6853E+02    .6654E+02   -.1283E-01
    .6542E+01    .2340E+02    .0000E+00    .6704E+02    .6548E+02   -.1364E-01
    .6583E+01    .2355E+02    .0000E+00    .6547E+02    .6436E+02   -.1423E-01
    .6625E+01    .2369E+02    .0000E+00    .6382E+02    .6320E+02   -.1459E-01
    .6667E+01    .2384E+02    .0000E+00    .6214E+02    .6202E+02   -.1472E-01
    .6708E+01    .2399E+02    .0000E+00    .6044E+02    .6086E+02   -.1460E-01
    .6750E+01    .2414E+02    .0000E+00    .5877E+02    .5973E+02   -.1424E-01
    .6792E+01    .2429E+02    .0000E+00    .5715E+02    .5864E+02   -.1365E-01
    .6833E+01    .2444E+02    .0000E+00    .5562E+02    .5760E+02   -.1283E-01
    .6875E+01    .2459E+02    .0000E+00    .5420E+02    .5662E+02   -.1178E-01
    .6917E+01    .2474E+02    .0000E+00    .5293E+02    .5572E+02   -.1054E-01
    .6958E+01    .2489E+02    .0000E+00    .5183E+02    .5493E+02   -.9120E-02
    .7000E+01    .2504E+02    .0000E+00    .5095E+02    .5425E+02   -.7539E-02
    .7042E+01    .2518E+02    .0000E+00    .5025E+02    .5369E+02   -.5821E-02
    .7083E+01    .2533E+02    .0000E+00    .4974E+02    .5328E+02   -.3999E-02
    .7125E+01    .2548E+02    .0000E+00    .4943E+02    .5302E+02   -.2097E-02
    .7167E+01    .2563E+02    .0000E+00    .4932E+02    .5292E+02   -.1518E-03
    .7208E+01    .2578E+02    .0000E+00    .4941E+02    .5298E+02    .1807E-02
    .7250E+01    .2593E+02    .0000E+00    .4972E+02    .5322E+02    .3739E-02
    .7292E+01    .2608E+02    .0000E+00    .5023E+02    .5361E+02    .5613E-02
    .7333E+01    .2623E+02    .0000E+00    .5094E+02    .5414E+02    .7386E-02
    .7375E+01    .2638E+02    .0000E+00    .5183E+02    .5481E+02    .9029E-02
    .7417E+01    .2653E+02    .0000E+00    .5290E+02    .5559E+02    .1050E-01
    .7458E+01    .2667E+02    .0000E+00    .5413E+02    .5649E+02    .1177E-01
    .7500E+01    .2682E+02    .0000E+00    .5549E+02    .5747E+02    .1279E-01
    .7542E+01    .2697E+02    .0000E+00    .5697E+02    .5853E+02    .1359E-01
    .7583E+01    .2712E+02    .0000E+00    .5854E+02    .5965E+02    .1418E-01
    .7625E+01    .2727E+02    .0000E+00    .6018E+02    .6081E+02    .1454E-01
    .7667E+01    .2742E+02    .0000E+00    .6186E+02    .6198E+02    .1467E-01
    .7708E+01    .2757E+02    .0000E+00    .6355E+02    .6314E+02    .1455E-01
    .7750E+01    .2772E+02    .0000E+00    .6522E+02    .6426E+02    .1419E-01
    .7792E+01    .2787E+02    .0000E+00    .6683E+02    .6535E+02    .1360E-01
    .7833E+01    .2802E+02    .0000E+00    .6836E+02    .6639E+02    .1278E-01
    .7875E+01    .2817E+02    .0000E+00    .6977E+02    .6736E+02    .1175E-01
    .7917E+01    .2831E+02    .0000E+00    .7104E+02    .6825E+02    .1051E-01
    .7958E+01    .2846E+02    .0000E+00    .7213E+02    .6905E+02    .9092E-02
    .8000E+01    .2861E+02    .0000E+00    .7302E+02    .6973E+02    .7516E-02
    .8042E+01    .2876E+02    .0000E+00    .7371E+02    .7028E+02    .5804E-02
    .8083E+01    .2891E+02    .0000E+00    .7422E+02    .7069E+02    .3988E-02
    .8125E+01    .2906E+02    .0000E+00    .7453E+02    .7095E+02    .2091E-02
    .8167E+01    .2921E+02    .0000E+00    .7464E+02    .7106E+02    .1514E-03
    .8208E+01    .2936E+02    .0000E+00    .7454E+02    .7099E+02   -.1802E-02
    .8250E+01    .2951E+02    .0000E+00    .7424E+02    .7075E+02   -.3728E-02
    .8292E+01    .2966E+02    .0000E+00    .7373E+02    .7036E+02   -.5597E-02
    .8333E+01    .2980E+02    .0000E+00    .7303E+02    .6983E+02   -.7364E-02
    .8375E+01    .2995E+02    .0000E+00    .7213E+02    .6917E+02   -.9001E-02
    .8417E+01    .3010E+02    .0000E+00    .7107E+02    .6839E+02   -.1047E-01
    .8458E+01    .3025E+02    .0000E+00    .6985E+02    .6749E+02   -.1173E-01
    .8500E+01    .3040E+02    .0000E+00    .6849E+02    .6651E+02   -.1275E-01
    .8542E+01    .3055E+02    .0000E+00    .6701E+02    .6545E+02   -.1355E-01
    .8583E+01    .3070E+02    .0000E+00    .6545E+02    .6434E+02   -.1414E-01
    .8625E+01    .3085E+02    .0000E+00    .6381E+02    .6319E+02   -.1449E-01
    .8667E+01    .3100E+02    .0000E+00    .6214E+02    .6202E+02   -.1462E-01
    .8708E+01    .3115E+02    .0000E+00    .6045E+02    .6087E+02   -.1450E-01
    .8750E+01    .3129E+02    .0000E+00    .5879E+02    .5975E+02   -.1415E-01
    .8792E+01    .3144E+02    .0000E+00    .5718E+02    .5867E+02   -.1356E-01
    .8833E+01    .3159E+02    .0000E+00    .5566E+02    .5763E+02   -.1274E-01
    .8875E+01    .3174E+02    .0000E+00    .5425E+02    .5666E+02   -.1171E-01
    .8917E+01    .3189E+02    .0000E+00    .5299E+02    .5577E+02   -.1048E-01
    .8958E+01    .3204E+02    .0000E+00    .5190E+02    .5497E+02   -.9064E-02
    .9000E+01    .3219E+02    .0000E+00    .5102E+02    .5430E+02   -.7494E-02
    .9042E+01    .3234E+02    .0000E+00    .5033E+02    .5374E+02   -.5787E-02
    .9083E+01    .3249E+02    .0000E+00    .4982E+02    .5333E+02   -.3976E-02
    .9125E+01    .3264E+02    .0000E+00    .4951E+02    .5307E+02   -.2085E-02
    .9167E+01    .3278E+02    .0000E+00    .4940E+02    .5297E+02   -.1510E-03
    .9208E+01    .3293E+02    .0000E+00    .4950E+02    .5304E+02    .1797E-02
    .9250E+01    .3308E+02    .0000E+00    .4980E+02    .5327E+02    .3717E-02
    .9292E+01    .3323E+02    .0000E+00    .5031E+02    .5366E+02    .5580E-02
    .9333E+01    .3338E+02    .0000E+00    .5101E+02    .5419E+02    .7342E-02
    .9375E+01    .3353E+02    .0000E+00    .5190E+02    .5485E+02    .8974E-02
    .9417E+01    .3368E+02    .0000E+00    .5296E+02    .5563E+02    .1043E-01
    .9458E+01    .3383E+02    .0000E+00    .5418E+02    .5652E+02    .1169E-01
    .9500E+01    .3398E+02    .0000E+00    .5553E+02    .5750E+02    .1271E-01
    .9542E+01    .3413E+02    .0000E+00    .5700E+02    .5856E+02    .1350E-01
    .9583E+01    .3427E+02    .0000E+00    .5856E+02    .5967E+02    .1409E-01
    .9625E+01    .3442E+02    .0000E+00    .6020E+02    .6082E+02    .1444E-01
    .9667E+01    .3457E+02    .0000E+00    .6186E+02    .6198E+02    .1457E-01
    .9708E+01    .3472E+02    .0000E+00    .6354E+02    .6313E+02    .1445E-01
    .9750E+01    .3487E+02    .0000E+00    .6520E+02    .6424E+02    .1410E-01
    .9792E+01    .3502E+02    .0000E+00    .6680E+02    .6532E+02    .1351E-01
    .9833E+01    .3517E+02    .0000E+00    .6832E+02    .6635E+02    .1270E-01
    .9875E+01    .3532E+02    .0000E+00    .6973E+02    .6732E+02    .1167E-01
    .9917E+01    .3547E+02    .0000E+00    .7098E+02    .6821E+02    .1045E-01
    .9958E+01    .3562E+02    .0000E+00    .7207E+02    .6900E+02    .9037E-02
    .1000E+02    .3577E+02    .0000E+00    .7295E+02    .6968E+02    .7472E-02
    .1004E+02    .3591E+02    .0000E+00    .7363E+02    .7023E+02    .5770E-02
    .1008E+02    .3606E+02    .0000E+00    .7414E+02    .7064E+02    .3965E-02
    .1012E+02    .3621E+02    .0000E+00    .7445E+02    .7090E+02    .2079E-02
    .1017E+02    .3636E+02    .0000E+00    .7456E+02    .7100E+02    .1506E-03
    .1021E+02    .3651E+02    .0000E+00    .7446E+02    .7093E+02   -.1792E-02
    .1025E+02    .3666E+02    .0000E+00    .7416E+02    .7070E+02   -.3706E-02
    .1029E+02    .3681E+02    .0000E+00    .7365E+02    .7031E+02   -.5564E-02
    .1033E+02    .3696E+02    .0000E+00    .7296E+02    .6978E+02   -.7320E-02
    .1037E+02    .3711E+02    .0000E+00    .7207E+02    .6912E+02   -.8947E-02
    .1042E+02    .3726E+02    .0000E+00    .7101E+02    .6834E+02   -.1040E-01
    .1046E+02    .3740E+02    .0000E+00    .6980E+02    .6746E+02   -.1165E-01
    .1050E+02    .3755E+02    .0000E+00    .6845E+02    .6648E+02   -.1267E-01
    .1054E+02    .3770E+02    .0000E+00    .6698E+02    .6543E+02   -.1346E-01
    .1058E+02    .3785E+02    .0000E+00    .6543E+02    .6432E+02   -.1404E-01
    .1062E+02    .3800E+02    .0000E+00    .6380E+02    .6318E+02   -.1440E-01
    .1067E+02    .3815E+02    .0000E+00    .6214E+02    .6202E+02   -.1452E-01
    .1071E+02    .3830E+02    .0000E+00    .6046E+02    .6088E+02   -.1440E-01
    .1075E+02    .3845E+02    .0000E+00    .5881E+02    .5977E+02   -.1405E-01
    .1079E+02    .3860E+02    .0000E+00    .5721E+02    .5869E+02   -.1347E-01
    .1083E+02    .3875E+02    .0000E+00    .5570E+02    .5766E+02   -.1266E-01
    .1087E+02    .3889E+02    .0000E+00    .5430E+02    .5669E+02   -.1163E-01
    .1092E+02    .3904E+02    .0000E+00    .5304E+02    .5581E+02   -.1041E-01
    .1096E+02    .3919E+02    .0000E+00    .5196E+02    .5502E+02   -.9009E-02
    .1100E+02    .3934E+02    .0000E+00    .5109E+02    .5435E+02   -.7449E-02
    .1104E+02    .3949E+02    .0000E+00    .5040E+02    .5380E+02   -.5753E-02
    .1108E+02    .3964E+02    .0000E+00    .4990E+02    .5339E+02   -.3953E-02
    .1112E+02    .3979E+02    .0000E+00    .4959E+02    .5313E+02   -.2073E-02
    .1117E+02    .3994E+02    .0000E+00    .4949E+02    .5303E+02   -.1502E-03
    .1121E+02    .4009E+02    .0000E+00    .4958E+02    .5309E+02    .1787E-02
    .1125E+02    .4024E+02    .0000E+00    .4988E+02    .5333E+02    .3696E-02
    .1129E+02    .4038E+02    .0000E+00    .5038E+02    .5372E+02    .5547E-02
    .1133E+02    .4053E+02    .0000E+00    .5108E+02    .5424E+02    .7298E-02
    .1137E+02    .4068E+02    .0000E+00    .5196E+02    .5490E+02    .8919E-02
    .1142E+02    .4083E+02    .0000E+00    .5301E+02    .5568E+02    .1037E-01
    .1146E+02    .4098E+02    .0000E+00    .5422E+02    .5656E+02    .1162E-01
    .1150E+02    .4113E+02    .0000E+00    .5557E+02    .5753E+02    .1263E-01
    .1154E+02    .4128E+02    .0000E+00    .5703E+02    .5858E+02    .1342E-01
    .1158E+02    .4143E+02    .0000E+00    .5858E+02    .5969E+02    .1399E-01
    .1162E+02    .4158E+02    .0000E+00    .6021E+02    .6083E+02    .1435E-01
    .1167E+02    .4173E+02    .0000E+00    .6186E+02    .6198E+02    .1447E-01
    .1171E+02    .4188E+02    .0000E+00    .6353E+02    .6312E+02    .1436E-01
    .1175E+02    .4202E+02    .0000E+00    .6518E+02    .6423E+02    .1401E-01
    .1179E+02    .4217E+02    .0000E+00    .6677E+02    .6530E+02    .1342E-01
    .1183E+02    .4232E+02    .0000E+00    .6828E+02    .6632E+02    .1262E-01
    .1187E+02    .4247E+02    .0000E+00    .6968E+02    .6729E+02    .1160E-01
    .1192E+02    .4262E+02    .0000E+00    .7093E+02    .6817E+02    .1038E-01
    .1196E+02    .4277E+02    .0000E+00    .7200E+02    .6896E+02    .8982E-02
    .1200E+02    .4292E+02    .0000E+00    .7288E+02    .6963E+02    .7427E-02
    .1204E+02    .4307E+02    .0000E+00    .7356E+02    .7018E+02    .5737E-02
    .1208E+02    .4322E+02    .0000E+00    .7406E+02    .7059E+02    .3942E-02
    .1212E+02    .4337E+02    .0000E+00    .7436E+02    .7084E+02    .2067E-02
    .1217E+02    .4351E+02    .0000E+00    .7447E+02    .7094E+02    .1498E-03
    .1221E+02    .4366E+02    .0000E+00    .7438E+02    .7088E+02   -.1781E-02
    .1225E+02    .4381E+02    .0000E+00    .7408E+02    .7064E+02   -.3685E-02
    .1229E+02    .4396E+02    .0000E+00    .7358E+02    .7026E+02   -.5531E-02
    .1233E+02    .4411E+02    .0000E+00    .7289E+02    .6973E+02   -.7277E-02
    .1237E+02    .4426E+02    .0000E+00    .7201E+02    .6908E+02   -.8892E-02
    .1242E+02    .4441E+02    .0000E+00    .7096E+02    .6830E+02   -.1034E-01
    .1246E+02    .4456E+02    .0000E+00    .6975E+02    .6742E+02   -.1158E-01
    .1250E+02    .4471E+02    .0000E+00    .6841E+02    .6645E+02   -.1258E-01
    .1254E+02    .4486E+02    .0000E+00    .6695E+02    .6540E+02   -.1337E-01
    .1258E+02    .4500E+02    .0000E+00    .6541E+02    .6431E+02   -.1395E-01
    .1262E+02    .4515E+02    .0000E+00    .6379E+02    .6317E+02   -.1430E-01
    .1267E+02    .4530E+02    .0000E+00    .6214E+02    .6202E+02   -.1442E-01
    .1271E+02    .4545E+02    .0000E+00    .6047E+02    .6088E+02   -.1431E-01
    .1275E+02    .4560E+02    .0000E+00    .5883E+02    .5978E+02   -.1396E-01
    .1279E+02    .4575E+02    .0000E+00    .5724E+02    .5871E+02   -.1338E-01
    .1283E+02    .4590E+02    .0000E+00    .5573E+02    .5769E+02   -.1258E-01
    .1287E+02    .4605E+02    .0000E+00    .5434E+02    .5673E+02   -.1156E-01
    .1292E+02    .4620E+02    .0000E+00    .5310E+02    .5585E+02   -.1035E-01
    .1296E+02    .4635E+02    .0000E+00    .5203E+02    .5507E+02   -.8955E-02
    .1300E+02    .4649E+02    .0000E+00    .5116E+02    .5439E+02   -.7405E-02
    .1304E+02    .4664E+02    .0000E+00    .5048E+02    .5385E+02   -.5720E-02
    .1308E+02    .4679E+02    .0000E+00    .4998E+02    .5344E+02   -.3931E-02
    .1312E+02    .4694E+02    .0000E+00    .4968E+02    .5318E+02   -.2061E-02
    .1317E+02    .4709E+02    .0000E+00    .4957E+02    .5308E+02   -.1494E-03
    .1321E+02    .4724E+02    .0000E+00    .4966E+02    .5315E+02    .1776E-02
    .1325E+02    .4739E+02    .0000E+00    .4996E+02    .5338E+02    .3674E-02
    .1329E+02    .4754E+02    .0000E+00    .5046E+02    .5377E+02    .5515E-02
    .1333E+02    .4769E+02    .0000E+00    .5115E+02    .5429E+02    .7255E-02
    .1337E+02    .4784E+02    .0000E+00    .5202E+02    .5495E+02    .8866E-02
    .1342E+02    .4798E+02    .0000E+00    .5307E+02    .5572E+02    .1030E-01
    .1346E+02    .4813E+02    .0000E+00    .5427E+02    .5660E+02    .1154E-01
    .1350E+02    .4828E+02    .0000E+00    .5561E+02    .5756E+02    .1254E-01
    .1354E+02    .4843E+02    .0000E+00    .5706E+02    .5861E+02    .1333E-01
    .1358E+02    .4858E+02    .0000E+00    .5860E+02    .5970E+02    .1390E-01
    .1362E+02    .4873E+02    .0000E+00    .6022E+02    .6083E+02    .1425E-01
    .1367E+02    .4888E+02    .0000E+00    .6186E+02    .6198E+02    .1437E-01
    .1371E+02    .4903E+02    .0000E+00    .6352E+02    .6311E+02    .1426E-01
    .1375E+02    .4918E+02    .0000E+00    .6516E+02    .6421E+02    .1391E-01
    .1379E+02    .4933E+02    .0000E+00    .6675E+02    .6528E+02    .1334E-01
    .1383E+02    .4948E+02    .0000E+00    .6825E+02    .6629E+02    .1254E-01
    .1387E+02    .4962E+02    .0000E+00    .6963E+02    .6725E+02    .1153E-01
    .1392E+02    .4977E+02    .0000E+00    .7087E+02    .6813E+02    .1032E-01
    .1396E+02    .4992E+02    .0000E+00    .7194E+02    .6891E+02    .8928E-02
    .1400E+02    .5007E+02    .0000E+00    .7281E+02    .6958E+02    .7383E-02
    .1404E+02    .5022E+02    .0000E+00    .7348E+02    .7013E+02    .5703E-02
    .1408E+02    .5037E+02    .0000E+00    .7398E+02    .7053E+02    .3919E-02
    .1412E+02    .5052E+02    .0000E+00    .7428E+02    .7079E+02    .2055E-02
    .1417E+02    .5067E+02    .0000E+00    .7439E+02    .7089E+02    .1490E-03
    .1421E+02    .5082E+02    .0000E+00    .7429E+02    .7082E+02   -.1771E-02
    .1425E+02    .5097E+02    .0000E+00    .7400E+02    .7059E+02   -.3664E-02
    .1429E+02    .5111E+02    .0000E+00    .7350E+02    .7020E+02   -.5499E-02
    .1433E+02    .5126E+02    .0000E+00    .7282E+02    .6968E+02   -.7234E-02
    .1437E+02    .5141E+02    .0000E+00    .7194E+02    .6903E+02   -.8839E-02
    .1442E+02    .5156E+02    .0000E+00    .7090E+02    .6826E+02   -.1027E-01
    .1446E+02    .5171E+02    .0000E+00    .6971E+02    .6738E+02   -.1151E-01
    .1450E+02    .5186E+02    .0000E+00    .6837E+02    .6642E+02   -.1250E-01
    .1454E+02    .5201E+02    .0000E+00    .6693E+02    .6538E+02   -.1329E-01
    .1458E+02    .5216E+02    .0000E+00    .6539E+02    .6429E+02   -.1386E-01
    .1462E+02    .5231E+02    .0000E+00    .6378E+02    .6316E+02   -.1421E-01
    .1467E+02    .5246E+02    .0000E+00    .6214E+02    .6202E+02   -.1433E-01
    .1471E+02    .5260E+02    .0000E+00    .6048E+02    .6089E+02   -.1421E-01
    .1475E+02    .5275E+02    .0000E+00    .5885E+02    .5980E+02   -.1387E-01
    .1479E+02    .5290E+02    .0000E+00    .5727E+02    .5874E+02   -.1329E-01
    .1483E+02    .5305E+02    .0000E+00    .5577E+02    .5772E+02   -.1250E-01
    .1487E+02    .5320E+02    .0000E+00    .5439E+02    .5676E+02   -.1149E-01
    .1492E+02    .5335E+02    .0000E+00    .5315E+02    .5589E+02   -.1029E-01
    .1496E+02    .5350E+02    .0000E+00    .5209E+02    .5511E+02   -.8901E-02
    .1500E+02    .5365E+02    .0000E+00    .5123E+02    .5444E+02   -.7362E-02
    .1504E+02    .5380E+02    .0000E+00    .5055E+02    .5390E+02   -.5687E-02
    .1508E+02    .5395E+02    .0000E+00    .5006E+02    .5349E+02   -.3908E-02
    .1512E+02    .5409E+02    .0000E+00    .4976E+02    .5324E+02   -.2049E-02
    .1517E+02    .5424E+02    .0000E+00    .4965E+02    .5314E+02   -.1487E-03
    .1521E+02    .5439E+02    .0000E+00    .4975E+02    .5320E+02    .1766E-02
    .1525E+02    .5454E+02    .0000E+00    .5004E+02    .5344E+02    .3653E-02
    .1529E+02    .5469E+02    .0000E+00    .5053E+02    .5382E+02    .5483E-02
    .1533E+02    .5484E+02    .0000E+00    .5122E+02    .5434E+02    .7213E-02
    .1537E+02    .5499E+02    .0000E+00    .5209E+02    .5499E+02    .8812E-02
    .1542E+02    .5514E+02    .0000E+00    .5312E+02    .5576E+02    .1024E-01
    .1546E+02    .5529E+02    .0000E+00    .5432E+02    .5663E+02    .1147E-01
    .1550E+02    .5544E+02    .0000E+00    .5564E+02    .5760E+02    .1246E-01
    .1554E+02    .5558E+02    .0000E+00    .5709E+02    .5863E+02    .1324E-01
    .1558E+02    .5573E+02    .0000E+00    .5862E+02    .5972E+02    .1381E-01
    .1562E+02    .5588E+02    .0000E+00    .6023E+02    .6084E+02    .1416E-01
    .1567E+02    .5603E+02    .0000E+00    .6186E+02    .6198E+02    .1428E-01
    .1571E+02    .5618E+02    .0000E+00    .6352E+02    .6310E+02    .1417E-01
    .1575E+02    .5633E+02    .0000E+00    .6514E+02    .6419E+02    .1382E-01
    .1579E+02    .5648E+02    .0000E+00    .6672E+02    .6525E+02    .1325E-01
    .1583E+02    .5663E+02    .0000E+00    .6821E+02    .6627E+02    .1246E-01
    .1587E+02    .5678E+02    .0000E+00    .6959E+02    .6722E+02    .1145E-01
    .1592E+02    .5693E+02    .0000E+00    .7082E+02    .6809E+02    .1025E-01
    .1596E+02    .5708E+02    .0000E+00    .7188E+02    .6887E+02    .8875E-02
    .1600E+02    .5722E+02    .0000E+00    .7274E+02    .6953E+02    .7340E-02
    .1604E+02    .5737E+02    .0000E+00    .7341E+02    .7007E+02    .5670E-02
    .1608E+02    .5752E+02    .0000E+00    .7390E+02    .7048E+02    .3897E-02
    .1612E+02    .5767E+02    .0000E+00    .7420E+02    .7074E+02    .2044E-02
    .1617E+02    .5782E+02    .0000E+00    .7431E+02    .7083E+02    .1482E-03
    .1621E+02    .5797E+02    .0000E+00    .7421E+02    .7077E+02   -.1761E-02
    .1625E+02    .5812E+02    .0000E+00    .7392E+02    .7054E+02   -.3643E-02
    .1629E+02    .5827E+02    .0000E+00    .7343E+02    .7015E+02   -.5467E-02
    .1633E+02    .5842E+02    .0000E+00    .7275E+02    .6963E+02   -.7191E-02
    .1637E+02    .5857E+02    .0000E+00    .7188E+02    .6898E+02   -.8786E-02
    .1642E+02    .5871E+02    .0000E+00    .7085E+02    .6822E+02   -.1021E-01
    .1646E+02    .5886E+02    .0000E+00    .6966E+02    .6735E+02   -.1144E-01
    .1650E+02    .5901E+02    .0000E+00    .6834E+02    .6639E+02   -.1243E-01
    .1654E+02    .5916E+02    .0000E+00    .6690E+02    .6536E+02   -.1320E-01
    .1658E+02    .5931E+02    .0000E+00    .6537E+02    .6427E+02   -.1377E-01
    .1662E+02    .5946E+02    .0000E+00    .6377E+02    .6315E+02   -.1411E-01
    .1667E+02    .5961E+02    .0000E+00    .6213E+02    .6202E+02   -.1423E-01
    .1671E+02    .5976E+02    .0000E+00    .6049E+02    .6090E+02   -.1412E-01
    .1675E+02    .5991E+02    .0000E+00    .5887E+02    .5981E+02   -.1378E-01
    .1679E+02    .6006E+02    .0000E+00    .5729E+02    .5876E+02   -.1321E-01
    .1683E+02    .6020E+02    .0000E+00    .5581E+02    .5775E+02   -.1242E-01
    .1687E+02    .6035E+02    .0000E+00    .5443E+02    .5680E+02   -.1142E-01
    .1692E+02    .6050E+02    .0000E+00    .5321E+02    .5593E+02   -.1022E-01
    .1696E+02    .6065E+02    .0000E+00    .5215E+02    .5516E+02   -.8848E-02
    .1700E+02    .6080E+02    .0000E+00    .5130E+02    .5449E+02   -.7319E-02
    .1704E+02    .6095E+02    .0000E+00    .5063E+02    .5395E+02   -.5654E-02
    .1708E+02    .6110E+02    .0000E+00    .5014E+02    .5355E+02   -.3886E-02
    .1712E+02    .6125E+02    .0000E+00    .4984E+02    .5329E+02   -.2038E-02
    .1717E+02    .6140E+02    .0000E+00    .4973E+02    .5319E+02   -.1479E-03
    .1721E+02    .6155E+02    .0000E+00    .4983E+02    .5326E+02    .1756E-02
    .1725E+02    .6169E+02    .0000E+00    .5012E+02    .5349E+02    .3633E-02
    .1729E+02    .6184E+02    .0000E+00    .5061E+02    .5387E+02    .5452E-02
    .1733E+02    .6199E+02    .0000E+00    .5129E+02    .5439E+02    .7170E-02
    .1737E+02    .6214E+02    .0000E+00    .5215E+02    .5504E+02    .8760E-02
    .1742E+02    .6229E+02    .0000E+00    .5318E+02    .5580E+02    .1018E-01
    .1746E+02    .6244E+02    .0000E+00    .5436E+02    .5667E+02    .1140E-01
    .1750E+02    .6259E+02    .0000E+00    .5568E+02    .5763E+02    .1239E-01
    .1754E+02    .6274E+02    .0000E+00    .5712E+02    .5865E+02    .1316E-01
    .1758E+02    .6289E+02    .0000E+00    .5864E+02    .5973E+02    .1372E-01
    .1762E+02    .6304E+02    .0000E+00    .6024E+02    .6085E+02    .1407E-01
    .1767E+02    .6319E+02    .0000E+00    .6187E+02    .6198E+02    .1419E-01
    .1771E+02    .6333E+02    .0000E+00    .6351E+02    .6310E+02    .1407E-01
    .1775E+02    .6348E+02    .0000E+00    .6512E+02    .6418E+02    .1373E-01
    .1779E+02    .6363E+02    .0000E+00    .6669E+02    .6523E+02    .1317E-01
    .1783E+02    .6378E+02    .0000E+00    .6817E+02    .6624E+02    .1238E-01
    .1787E+02    .6393E+02    .0000E+00    .6954E+02    .6718E+02    .1138E-01
    .1792E+02    .6408E+02    .0000E+00    .7077E+02    .6805E+02    .1019E-01
    .1796E+02    .6423E+02    .0000E+00    .7182E+02    .6882E+02    .8822E-02
    .1800E+02    .6438E+02    .0000E+00    .7267E+02    .6949E+02    .7298E-02
    .1804E+02    .6453E+02    .0000E+00    .7334E+02    .7002E+02    .5638E-02
    .1808E+02    .6468E+02    .0000E+00    .7382E+02    .7043E+02    .3875E-02
    .1812E+02    .6482E+02    .0000E+00    .7412E+02    .7068E+02    .2032E-02
    .1817E+02    .6497E+02    .0000E+00    .7423E+02    .7078E+02    .1475E-03
    .1821E+02    .6512E+02    .0000E+00    .7413E+02    .7072E+02   -.1751E-02
    .1825E+02    .6527E+02    .0000E+00    .7384E+02    .7048E+02   -.3622E-02
    .1829E+02    .6542E+02    .0000E+00    .7336E+02    .7010E+02   -.5436E-02
    .1833E+02    .6557E+02    .0000E+00    .7268E+02    .6959E+02   -.7150E-02
    .1837E+02    .6572E+02    .0000E+00    .7182E+02    .6894E+02   -.8734E-02
    .1842E+02    .6587E+02    .0000E+00    .7080E+02    .6818E+02   -.1015E-01
    .1846E+02    .6602E+02    .0000E+00    .6961E+02    .6731E+02   -.1136E-01
    .1850E+02    .6617E+02    .0000E+00    .6830E+02    .6636E+02   -.1235E-01
    .1854E+02    .6631E+02    .0000E+00    .6687E+02    .6533E+02   -.1312E-01
    .1858E+02    .6646E+02    .0000E+00    .6535E+02    .6426E+02   -.1368E-01
    .1862E+02    .6661E+02    .0000E+00    .6376E+02    .6315E+02   -.1402E-01
    .1867E+02    .6676E+02    .0000E+00    .6213E+02    .6202E+02   -.1414E-01
    .1871E+02    .6691E+02    .0000E+00    .6050E+02    .6091E+02   -.1403E-01
    .1875E+02    .6706E+02    .0000E+00    .5888E+02    .5983E+02   -.1369E-01
    .1879E+02    .6721E+02    .0000E+00    .5732E+02    .5878E+02   -.1312E-01
    .1883E+02    .6736E+02    .0000E+00    .5584E+02    .5778E+02   -.1234E-01
    .1887E+02    .6751E+02    .0000E+00    .5448E+02    .5683E+02   -.1135E-01
    .1892E+02    .6766E+02    .0000E+00    .5326E+02    .5597E+02   -.1016E-01
    .1896E+02    .6780E+02    .0000E+00    .5221E+02    .5520E+02   -.8796E-02
    .1900E+02    .6795E+02    .0000E+00    .5136E+02    .5454E+02   -.7276E-02
    .1904E+02    .6810E+02    .0000E+00    .5070E+02    .5400E+02   -.5622E-02
    .1908E+02    .6825E+02    .0000E+00    .5021E+02    .5360E+02   -.3864E-02
    .1912E+02    .6840E+02    .0000E+00    .4992E+02    .5334E+02   -.2027E-02
    .1917E+02    .6855E+02    .0000E+00    .4981E+02    .5325E+02   -.1471E-03
    .1921E+02    .6870E+02    .0000E+00    .4991E+02    .5331E+02    .1746E-02
    .1925E+02    .6885E+02    .0000E+00    .5019E+02    .5354E+02    .3612E-02
    .1929E+02    .6900E+02    .0000E+00    .5068E+02    .5392E+02    .5421E-02
    .1933E+02    .6915E+02    .0000E+00    .5135E+02    .5444E+02    .7129E-02
    .1937E+02    .6930E+02    .0000E+00    .5221E+02    .5508E+02    .8708E-02
    .1942E+02    .6944E+02    .0000E+00    .5323E+02    .5584E+02    .1012E-01
    .1946E+02    .6959E+02    .0000E+00    .5441E+02    .5671E+02    .1133E-01
    .1950E+02    .6974E+02    .0000E+00    .5572E+02    .5765E+02    .1231E-01
    .1954E+02    .6989E+02    .0000E+00    .5714E+02    .5868E+02    .1307E-01
    .1958E+02    .7004E+02    .0000E+00    .5866E+02    .5975E+02    .1363E-01
    .1962E+02    .7019E+02    .0000E+00    .6025E+02    .6086E+02    .1397E-01
    .1967E+02    .7034E+02    .0000E+00    .6187E+02    .6198E+02    .1409E-01
    .1971E+02    .7049E+02    .0000E+00    .6350E+02    .6309E+02    .1398E-01
    .1975E+02    .7064E+02    .0000E+00    .6511E+02    .6416E+02    .1365E-01
    .1979E+02    .7079E+02    .0000E+00    .6667E+02    .6521E+02    .1308E-01
    .1983E+02    .7093E+02    .0000E+00    .6814E+02    .6621E+02    .1230E-01
    .1987E+02    .7108E+02    .0000E+00    .6950E+02    .6715E+02    .1131E-01
    .1992E+02    .7123E+02    .0000E+00    .7071E+02    .6801E+02    .1013E-01
    .1996E+02    .7138E+02    .0000E+00    .7176E+02    .6878E+02    .8770E-02
    .2000E+02    .7153E+02    .0000E+00    .7260E+02    .6944E+02    .7255E-02
